HEADER = CHANNEL
sample_freq = 128.0
num_samples = 1783345
start_time = 02:35:00.000000
start_date = 2016-02-21
stop_time = 06:27:12.375000
stop_date = 2016-02-21
ats_data_file = chan_00.dat
sensor_type = EFP06
channel_type = Ex
ts_lsb = -1.76666e-06
scaling_applied = True
pos_x1 = -45.0
pos_x2 = 41.0
pos_y1 = 0.0
pos_y2 = 0.0
pos_z1 = 0.0
pos_z2 = 0.0
sensor_sernum = 0
gain_stage1 = 16
gain_stage2 = 1
hchopper = 0
echopper = 0
