HEADER = CHANNEL
sample_freq = 500
num_samples = 10799501
start_time = 09:43:28.000000
start_date = 2019-05-27
stop_time = 15:43:27.000000
stop_date = 2019-05-27
ats_data_file = 1558950203.B423, 1558961007.B423
sensor_type = 
channel_type = Hx
ts_lsb = 1
scaling_applied = False
pos_x1 = 0
pos_x2 = 1
pos_y1 = 0
pos_y2 = 1
pos_z1 = 0
pos_z2 = 1
sensor_sernum = 712
gain_stage1 = 16
gain_stage2 = 1
hchopper = 0
echopper = 0
