HEADER = CHANNEL
sample_freq = 500
num_samples = 10799501
start_time = 09:20:34.000000
start_date = 2019-05-27
stop_time = 15:20:33.000000
stop_date = 2019-05-27
ats_data_file = 1558948829.B423, 1558959633.B423
sensor_type = 
channel_type = Ey
ts_lsb = 1
scaling_applied = False
pos_x1 = 0
pos_x2 = 1
pos_y1 = 0
pos_y2 = 60.7
pos_z1 = 0
pos_z2 = 1
sensor_sernum = 0
gain_stage1 = 1
gain_stage2 = 1
hchopper = 0
echopper = 0
